Son LA DETERMlNA'rloN ABSOLUE etc. 1319

Fe, ca = 5269.59 (A.) Speetre JJJ.

eorrections log Sin ‹l› log Sin r11¹ u Obs. — Calc.

a b ,Σ

-1-6668 22658 23970 9953 7173.20 9953 721290 241290 2 5.74
26664 - 933 265.71 7147-45 7213.16 2413.16 2 664
26586 2 933 26553 713912 720165 240165 -- 167
26584 22287 28871 712293 721164 241164 2 872
26582 - 150 26452 710857 717289 237289 22987
26464 2 234 26698 7111.43 717841 237841 — 394
26447 21234 27681 710245 717926 237926 — 0.20
÷63.65' 2 950 “264.15 711418. 717833 237833 21364
26277 2 233 265.10 707675 714185 234185 - 807
26244 2 833 27977 709154 ⁷ 7162.31 2362.31 21791
26221 2 050 26271 709970 716241 236241 22269
26193 2 4.49 266.42 703961 710543 230543 23909
26094 221.29 28223 703870 712993 232093 2 263
25982 221.27 28169 701453 709562 229562 2 315
257.71 22974 27845 698468 706313 2263.13 2 1.26
257.70 21526 24444 698931 703375 223375 -2828
25924 21922 27546 695655 703181 223181 2 460
25562 2 083 25945 696365 701950 221950 -« 6.18
25558 2 861 24697 693956 698653 218653 23835
25531 2- 861 24670 696947 7007.ι7 2207.17 -1299
25359 - 1.16 25243 693441 698684 218684 2 330
25365 2 562 25867 691556 697463 217463 - 659
25284 22991 28275 691369 699584 219584 21899
25210 2 1.49 25359 689939 695298 215298 21082
25195 2 5.12 25767 691979 697686 217686 21562
247.49 2 494 25243 684460 689763 209763 21456
24220 23310 27550 671591 6791.21 1991.21 2 296
23908 2 998 ’ 240.οὁ 669264 673270 193270 2 924
23865 21978 24883 669542 6744.25 1944-25 23913
23463 2 961 244.24 658913 663337 183337 -19 03
23418 21058 24476 659663 664979 184979 -- 357
23321 21480 24801 656904 661765 181765 -» 958
23268 2 894 24161 658655 662817 182817 21163
23248 21658 24966 656801 ,661767 181767 2 365
·231.47 2 661 237.47 6577.49 661496 181496 22063
231.14 21380 24494 653969 658463 178463 - 437
23913 21938 24051 652753 656804 176804 - 263
23910 -13.79 21931 655998 657929 177929 2 662
227.16 21279 21457 648839 650276 170276 -1380

22590 21278 21312 646759 648971 168971 21287

