SUR LA DETERMlNATION AsssoLUE etc. B 41

ᾹΤα = 5895.13 (A.) Spectre II.
Corrections log Sin (Ι) log Sin ‹1›' u Obs. — Calc.
“23“ss 2-
16557 12286 18823 9.826 341694 9.826 350517 2405.17 15066
16295 1 167 16168 338968 345096 235096 13850
16267 †12·33 †75·00 3344·24 34¹9·24 2319·24 ÷ 6-90
16160 1 5.,32 15568 3337.72 3393.4ο 2293.4ο 114.72
15952 1 166 15766 330580 336346 226346 1 9.20
15799 12074 17873 326386 334259 224259 11660
15469 1 2.15 15084 319366 325010 215010 11850
153,4ο 1 198 151.42 318347 323489 213489 11070
153.23 1 2.15 15558 317462 323060 213000 11262
14858 1 2.80 ÷45.78 3¹05·4² 3151.20 205160 1 9.25
145.48 1 3.12 14256 3054.16 309652 199652 1 883
14191 129.49 171.40 299657 3067.77 1967.77 12656
140-45 †33-05 ÷73-50 2940-45 3013-95 191395 — 1-36
135.40 1 9.78 14518 2874.75 291993 181993 1 466
13476 11010 14486 2855.41 290027 180027 112.47
132.10 11040 14250 2841.43 288393 178393 11986
13154 11040 147.74 2812.30 286064 176004 1 9.71
131.25 11039 14164 279962 284066 174066 1 798
12075 113.79 14354 278318 282072 1726.72 1 5.46
12953 112.16 11757 279599 2813.36 171336 1 396
12668 12734 15362 , 271281 2766.43 166043 1 8.87
124.76 13022 15498 2677.16 2732.14 1632.14 1 2.45
12351 122.76 14667 267154 271761 161761 11097
122.46 12367 14553 263042 268495 158495 1 2.25
12267 1 355 11852 262893 2647.45 1547.45 13260
12010 11352 13362 260097 263459 153459 1 9.οο
11853 11560 1 293 2607.26 261019 151019 1 468
117,39 11558 1 1.81 257030 2581.11 1481.11 11263
11552 118.45 1 293 255853 255540 145540 1 288
115.45 117.16 13261 253866 257067 147067 11391
114.78 11663 13081 250241 253362 143322 111.17
11458 113.79 1 0.79 252991 2530.70 143070 1 991
11354 122.26 1 892 249659 248767 138767 12965
11246 122.24 1 9.78 247795 246817 1368.17 13252
111,8ο 12079 1 899 248351 247452 137452 11461
11168 122.23 11055 249076 248021 138021 1 5,87
11014 117.41 1 7.27 2461.17 245390 135390 1 362
1 958 12379 114.21 243964 242483 132483 121.73
1 756 11757 1 9.81 241757 240756 130756 1 077
1 7.12 122.15 11563 240021 239418 1294.18 1 5.70

Nova Acta Reg. Soc. Sc, [ΤΡ-ς. Ser. III. Impr. ¹³³1v 1898. 6

