Sua LA DETERMlNATION ABSOLUE 910. 135

Corrections log Sin 'l’ log Sin ψ’ n Obs. — (Jalc.
a —T‘

- 6.20 1 252 -- 368 9986 303282 9986 302914 629.14 1 2.32
— 7.94 11623 - 2.29 2981.95 2984.24 584.24 1 787
—11.90 ÷13-33 1 1.43 2925.91 292754 527-34 11394
-1554 1 375 -1159 2841.47 282988 42988 -14.40
-19-10 ÷ ¹·7¹ ἢ17-39 2772-35 2754-96 354-96 *13-43
-21.06 11292 -33.98 276868 2734.70 334.70 1 603
-25.94 1 3.10 --2284 265364 263620 23620 w 0.07
-29.36 1 2.78 12658 259164 2565.οὁ 165.οὁ 1 603
-33.38 - 0.31 -3369 251469 248160 8160 1 5.35

 

(ja) = 1468513

Fe = 5623.22 (A.) Speetre III.
÷64.35 1 854 17269 9981 963675 9.981 970344 210344 111.31
16323 12169 18522 959053 967555 207555 1 268
162.25 -ῑ 4.00 16625 957050 963655 203655 --19.30
15948 >— 5.32 15416 9551.70 960586 200586 1 2.13
457-62 -20-74 ÷78·36 9493-61 9571-97 1971-97 - 3-75
÷55.20 — 232 15288 9470-17 0323.05 1923.ο5 11640
15695 12987 18082 937635 9451,17 1851.17 j 7.74
137-24 -- 4-73 43251 9¹75-24 9207-75 ¹607-75 - 7-63
13659 115.17 151.76 914868 919984 159984 1 372
13166 1 861 13967 905454 909461 1494.οι 1 968
12602 1 3.07 ÷29.09 899351 902260 142260 11064
122.70 1 956 13266 8917,25 894951 134951 - 1.77
12055 -1981 — 0.74 892264 892358 132338 112.17
1 963 - 670 1 253 869064 869297 109267 - 380
1 8.90 - 063 1 8.27 868847 869674 109674 1 257
1 7.27 1 067 1 660 865840 8665.οο 106560 1 1.31
1 382 4- 556 1 958 862349 863287 103287 134.29
1 359 1 350 1 7.09 860322 861631 101631 11629
1 281 11683 11964 857358 859322 99322 11382
1 262 -1- 3.02 1 564 857687 858251 98251 1 678
1 2.38 1 4.92 1 7.30 855360 856630 96630 11679
1 2.15 1 682 1 8.97 8559.οι 856798 96798 1 1.28
1 1-06 - 9-99 - 8-93 8545-44 8536-51 936-51 - 9·49
1 069 -22.35 12166 856552 854386 94386 1 481
-· 0.17 12138 12155 852624 849869 89869 -2382
1 0.30 11520 -1550 854670 8531.20 931.20 111.24
- 053 1 5.07 - 560 8511.74 850614 90614 1 950

- 063 j 8.07 — 8.70 852150 851280 91280 - 1.01

