A 26 R. THAOEN,

Tab. Α.

Tam. ‹ff› (οἵ) (6)·2
Ι 1 7 36351 266670 821 1321395 201
Nal 2 † 30957 049803 403 958335 849
Fe 3 - 75-123 2 097-315 ¹57 5643465129
Ca 4 4 31645 712.737 353 1001406 025
Ca 5 Δ.» 14336 737968 930 205520 896
Fe 6 ,ss 27970 407674 406 782.320 900
Ca 7 ÷ 36651 518434 639 1 299674 601
Fe 8 ,υ 27630 417843 244 763.416 900
My 9 — 26602 1588317 076 707.666 404
*Vi 10 ÷ 36.820 297012 558 1355712 400
(tr) 11 β 91.488 1658682 79 8 370654144
Fe 12 ÷ 18.368 799288 050 337383 424
Fe 13 - 71.555 1721688673 5129118025
Fe 14 ψ 88393 1 459896 069 7 815322 449
Fe 15 ÷ 77-084 696376 490 5 941943 056
E¹ 16 Α-319965 7841.258 561 102 377601 225
(tr) 17 4 8149 1 132,131965 66406 201
b, 18 ÷ 51.024 434.788 679 2 603448 576
b2 19 4 49460 317295 626 1637011600
Ι)3 20 γ 41.703 361.366 405 1 739140 209
Ιῂι 21 ÷ 41.244 318612 050 1701667 536
Fe 22 ψ 59256 456365 298 3511673 536
23 ψ 65446 469663 214 4025394 916
Fe 24 ÷ 67800 439850132 4 596840 000
F 25 ÷ 67-412 660-397 488 4 544-377 744
C 28 7 71.109 652699 456 5056489 881
Ca 29 * 54.807 1 404.496 419 3 003807 249
Fe 30 — 27039 1158415887 731.107521
Fe 31 — 24678 335375 758 609003 684
Fe 32 — 10696 884.570 406 114.404 416
Ca 33 ψ 49489 1 046992 393 2 449161 121
(tr) 34 fl 29277 1096311339 857142 729
D¹ 35 *¹43·203 4231652913 20 507099 209
Les >1⁰⁵ 1—25 appartiennent au 34⁸¹* Specire.

>> 125—35

> Qiewne

(Η)

13 451-03
14 68513
45 81094
565687
6561.18

4.
,4-

1 703.89 ->

3 4¹9-51
2 00364
36 273-49
,1065943
27 747-99
19 29962
37 000 47
16 44441
3 249·99
170 64961
18 91717
912920
5 722.20
568895
4 301-84
6 09983
6 67817
2 26794
5571.12
2047264
43 467-04

4

1

(11 θ)

4557-054 97
2684643 52
237133·13331
28 661678 74
47 846509 28
10 561.348 50
8696537 20
10 393-317 30
¹52472-437 33
9938685 51
225 667565 17
45 186-195 94
211 669514 29
12915295 21
1696591193

-1014424-723 97

4,
4
4
4,
4.
4.
4
4,
4

2817732 W

4 89063
12 89160

27 141.78 -—

22 77181
104 64936

83164.29130
9917-46103
7446782 27
85¹2·909 72
5845-70263

22180.515 20
04577637 84
8929187 65
14 991370 04
2166661573

165 307842 26

120544617 53
4¹ 545-625 56

80 688727 90

31 568-439 53

0 116 587887 59

506 619952 03

f

9986 6700
9986 2400
9981 7600
9979 9600
9-979 4400
9-979 2700
9978 9900
9978 8400
9=974 2700
9970 2100
9970 1700
9968 5000
9967 6600
9961 7400
9954 6000

-9953 4800

9·949 9¹00
9.946 3100
9945 4000
9945 0800
9944 9600
9938 4500
9937 8800
9937 8500
9918 4200
9872 6600
9864 4000
9863 8400
9861 8000
9861 3200
9842 4800
9841 1000
9826 1100

