Stm LA DETERMINATION AsssoLUss etc. B 39

Corrections log Sin ‘D 1οἕ Sin ψ’ ιι Obs. — Calc.
α b Σ

518.89 5 5.77 —24.66 9.842 547097 6842 544631 64631 52628
521.20 51385 53595 545252 5417.47 617.47 51604
522.21 5 664 53185 546229 543644 63644 522.78
522.29 51383 53612 5417.15 538193 58193 5 559
—27-53 51546 -40-99 5337-95 5296·96 496-96 -- 5-92
—28.21 — 677 52898 532818 529620 49920 5 9.77
—29-47 -13-44 Η42-9ῐ 5292·37 5²49·46 449-46 *IS-²2
-35-67 - 9-37 -45·04 5179-10 5134-06 334-06 5 6-78
—41.06 5 2.45 —38.61 507640 5031.79 231.79 -- 631
548.10 5 562 55372 4921.51 4867.79 67.79 52191

(u) = 27141s78

Ca = 6101 92 (sk.) [L'internffidiaire du triplet.] Speetre II.
564.71 52285 587.56 9,841 3057.οὸ 9841 314462 214462 5 7.43
56185 5 5.33 55652 3065.78 3122.30 212230 51977
53883 5 4.οὸ 53475 2635.32 267607 167607 52462
52639 5 7.62 53791 248599 252390 152390 - 0.15
52854 52991 55755 252687 ,257842 157842 57678
52673 52793 ’55376 2414.21 246797 146797 5 639
52363 52399 54672 2371.07 2417.79 1417.79 5 658
51688 5 2.74 517.14 230633 2317.47 1317.47 53622
51655 51862 5 2.07 2282.81 228674 1280.74 5 5.13
515.24 51604 531.28 223691 226819 126819 5 699
5 601 51489 51488 194592 195990 95990 512.25
5 3.15 5 0.32 5 2.83 189993 189620 89620 515.34
5 3.76 52658 52634 191546 188612 88912 51693
5 4.80 51183 5 7.ο3 189794 190497 90497 525.34
5 494 5 2.37 - 2.57 189684 1894.27 89427 517,29
5 8.27 5 692 5 1.35 1795-55 1794.20 794.2ο 518.31
5 883 5 315 -- 568 177876 177398 77398 52834
523.46 5 683 53629 154963 151934 51934 5 648
54648 5 645 53893 121828 118625 18625 512.30
541.72 51624 55196 1165.72 111376 113.76 52879
547.25 5 5.63 55288 110993 105615 5615 52839

(u)=22771.81

