Tabl. n
1 23
2 23
3 43
4 9
5 9
6 5
7 7
8 5
9 36

ιο 15

11 2ο

12 20

13 30

14 20

15 10

16 120

17 21

18 15

19 11

20 10

21 10

22 11

23 12

24 12

25 11

28 25

29 40

30 25

31 5

32 12

33 30

34 ²1

35 80

 

(n) = 746 Aloy. 80043 661

 

SUR LA DETERMINATION ABSOLUE 610.

79830 306
82668 703
79897 037
80721998
81.520 005
80175 936
79056 861
80940 291
80111 923
78422 465
79615178
80405 735
79-458 285
80051846
79136 215
80051504
80.166 056
80912 585
80726 502
81149 775
89-435 293
77856 683
79954 316
81.303111
77446 944
81.118 263
79-547 383
79.765 606
81.505 001
79-080 433
79982 334
80380 040
80320 891

 

‹Z'

7¹0·997 45
748944 88
925786 85
912.368 62
858872 46
780282 20
8951655 55
847884 05
948-398 69
902529 67
1023.207 81
1038825 60
1046827 74
1176,02164
935012 62
12086327
931925 87
883845 58
817.126 74
907-313 9¹
76193131
973936 89
979-245 94
648-357 57
981.088 49
1049611 11

97768215
104082150

575849 92
1003813 28
1035.182 84

972310 66
1164.227 06

Ταί). B.

log 215,

A27

2¹5(Roxv1„AND) 2,‚.,(THALEN) Astu

9.7549767.997 0145688407 0115688225 182

9·754 5505-945
9.750 0882.787
0748 2860369
9747 7615-872
0747 5840282
9-747 3152-656
0747 1604884
0742 6005399
9-738 5359-53Ο
9738 5080208
9736 8395 826
0736 0003828
0730 0933622
9,7229292.013
07218365633
9-718 2388926
0714 6340846
91713 7174-127
0713 4064314
9713 2718931
9-766 7836937
9.706 2130246
9.7061505.358
9686 7538088
98170919611
9808 8247682
9808 2710822
98061845850
9-805 7473-813
9,7869105.183
0785 5242.311
0177055341227

5682834
5624-741
5691-474
5594668

5588954

5528610
5477.102

5455-733
5371.061
5283-778
5270470
5183,767
5172846
5160136
5167548
5090-935
5083.501
486¹·473
6563.023
6439·267
6431-033
6400.170
6393-788

6122.399
6102,912

5896.126

5682646 188
5624-5571) 184
5601.276 198
5594-594 164
5592-225 “
5588-757 197
5580766 —
5528413 197
5476916 186
5476-562 —
5455-563¹) ¹70
5445-031 ’-
5371-472 189
5283591 187
5270-315 155
5226836 —
5183631 136
51727011) 145
5168999 137
5167398 150
5090766 169
5084-094 —
5083-356 145
4861.316 157
65628421) 181
64391094 173
6430889 144
64000671) 103
6393628 160
6122.2431) 156
6102.731 181
58959451) 181

stloy, 170

 

¹) Ces raies se trouvent parmi les relies normales tle MM. M'ULLER et KEMPF. Voir:
Publieationen d. astrophysik. Observat. zu Potsdam, Bcl. ἴ), [1. δ’δ’.

